52094
42093
4700
3419
30770
56884
63699
38120
41732
39362
29364
32348
36090
54215
61562
53201
61838
50579
22956
51386
21017
18800
9606
34174
65516
55921
59770
56083
30639
47589
60851
6844
49858
37257
55796
46456
55102
12521
53593
26179
58028
27321
51559
32808
12144
17422
45850
48060
56989
34792
17212
52514
2277
54638
5304
45611
24157
39714
17375
63053
65441
23791
61224
45490
53375
39715
43209
16435
50673
46318
28523
11963
56357
63041
19102
42903
14063
28509
60593
23285
1130
18414
30399
1633
47084
34978
38865
65224
6240
10557
7374
35505
63847
58830
46896
8218
45012
37155
19439
20740
57707
27650
48512
5520
612
23901
35542
20672
2658
42758
11529
42917
56210
2358
11489
45222
51912
58745
1122
60221
19411
19352
1496
1760
11081
26899
25791
37786
64472
21024
50443
65212
35371
51683
15689
37834
46211
37669
53223
23630
60454
62344
2589
2553
49993
48347
43843
23674
9193
13256
8428
39242
24569
7192
57840
65072
2831
43522
38993
35090
7708
61782
56926
55247
53
1891
37473
15002
49528
36601
23635
47619
48997
63460
38402
51402
33368
51190
61193
34696
29482
48227
44555
61290
60329
10853
38710
22447
36319
30314
14415
43452
543
48534
35792
12177
37922
26234
43508
21179
20687
32690
10121
23612
33395
58860
4560
29501
52498
43788
25696
48733
57706
13739
52389
54449
16530
57239
28094
9768
60687
21365
45691
57677
3528
43318
39159
13431
27967
59225
65385
54486
45156
32726
33588
5231
65060
917
23948
50018
20564
19075
11019
50986
37162
57634
49420
1461
7022
41709
39771
43297
57351
64378
14936
11548
57062
37640
9253
20316
25768
61047
32266
15076
34590
19144
11651
55473
10792
16717
42261
31195
49530
22548
26605
21892
29734
55804
37679
618
63806
16251
31850
63196
51990
11472
33945
42045
19874
61513
26222
19395
30044
23466
32691
43662
60583
29435
20595
62007
50787
24902
51722
45691
29531
23867
9103
50986
62956
5299
3009
38151
37252
2783
63900
53088
25422
18844
32645
14507
13310
22417
18615
51479
16736
37426
26744
63633
58922
39203
60955
38101
43339
12240
2742
12776
61506
59051
13744
27076
64377
36758
36449
29158
62848
19696
39615
6258
18268
18600
34917
45409
31311
27850
17848
29934
11217
61907
24401
1309
51207
9321
14836
24454
17214
19620
26105
11327
6379
20671
48585
51622
47058
13404
20681
28777
54373
26742
50824
33438
3431
30517
40429
23939
59573
44574
6416
36425
34817
16606
41922
61757
64659
64411
24353
17894
55007
1339
15413
1203
18553
46318
43166
35218
54685
60089
28403
56536
25749
17618
44895
55094
17893
35783
4003
126
15765
41449
47944
12763
23954
34634
135
44337
45006
48992
13247
25276
58989
49181
44339
34354
64883
30776
49856
17274
30143
23531
23623
25414
29150
30905
27942
28499
62324
35325
10832
30505
2326
58800
10974
61255
16784
56003
56125
24534
57374
1382
22825
13174
22047
31027
13073
5381
34748
64157
55325
62018
33520
59216
12738
4980
4269
46564
50180
21467
63418
63331
24931
38375
52629
40458
33360
10081
50312
39869
24843
9991
21515
5273
18757
48304
50047
53022
64043
22899
15246
59278
24711
25728
55897
18423
22817
64941
30289
62910
6192
34430
62778
57661
30045
49099
58664
51101
56105
45940
62885
41861
20561
45309
62710
41555
53455
6065
37311
8575
30211
58210
43379
42845
14657
14403
51502
27438
5389
59569
30254
59162
3773
62396
9777
13156
5950
46776
44046
59653
32259
21889
31434
58196
57161
11955
3797
4237
30368
59631
11036
16469
45872
18169
23363
29106
60291
57296
24391
63517
26177
41102
9208
7395
23389
36324
43116
57357
35051
9347
28722
42447
57243
29059
48553
62559
16315
8006
62698
44305
20473
16277
63277
11332
58945
12870
38422
33017
12
12134
5816
2125
52664
24201
6897
32209
15155
4376
48679
22690
47770
23831
42396
45670
60114
36781
44514
6380
16286
29784
35716
29103
49615
24061
34375
26608
47022
64473
41288
59095
57254
62464
20592
37188
27603
51708
59936
29974
7319
61518
33764
55187
25917
55700
57333
43270
6076
10163
38934
11874
34506
36724
14000
50537
44817
60217
29136
23113
52411
10858
4713
33180
49330
4888
9678
65296
64648
4664
9608
25620
62436
60244
39748
64294
41449
60532
4344
16301
53164
13572
37386
4188
61851
39020
44536
48813
37879
3474
29084
16863
3433
30077
40512
37556
8626
45926
3902
32732
12422
41323
40043
54543
48448
52686
19173
12618
32323
11947
35826
24338
40502
5138
64440
60602
34976
44223
13600
26240
3657
60937
9799
14644
10076
48896
61117
30233
20691
61094
57297
32898
58214
59516
13433
61146
43879
55101
37688
29801
3559
9674
20025
39568
44865
10387
38255
2228
38212
26616
47575
31924
21160
9438
6286
52239
52676
34287
65018
64198
32889
35925
38362
55835
44750
50162
59921
43410
33651
19452
47197
55610
30934
41761
3239
35101
6671
52415
43755
30442
21364
17682
22138
15641
3803
36618
28075
40396
13899
20981
30256
56358
59587
17784
32901
12438
23200
63956
30076
17478
42409
44870
49405
28051
34524
23519
34323
32568
31042
2454
54126
15994
49232
22743
47562
42413
14615
3272
53421
41135
21243
38927
38580
56460
30235
4444
14961
578
43553
20619
5409
31665
17217
9781
27170
59451
10235
14903
39628
10720
20461
38946
50908
29454
1487
58695
62372
48593
19529
43283
4304
24120
18730
38958
7662
157
33983
64344
63821
59496
1573
48835
64707
487
16687
33734
4117
43453
31193
59264
43286
35457
48026
43959
51157
48624
875
17909
9920
24186
29024
43563
62686
53360
42340
46041
47191
27594
10569
398
45679
35032
33849
13393
59836
46858
18417
32220
3123
36408
51747
3929
44699
54251
62294
1334
8908
55322
29644
46445
40806
64355
5529
2836
50050
19520
52310
48590
29808
23997
34361
31917
37999
47228
51913
31759
23603
8953
32853
35646
1996
4146
5630
56265
44784
43070
5049
53070
16932
30028
12146
27539
53037
60734
28102
56859
163
64704
10420
49827
48060
53450
44673
37046
21954
20204
21073
46786
62810
45061
32068
60060
50169
15466
34410
10847
57096
14305
47088
50113
55114
8218
3164
38149
44464
48358
26268
6228
57284
28554
38439
51822
20669
14696
38159
9914
55378
11006
33665
61180
31397
9891
53901
21137
54904
63146
27059
64091
5551
49523
57289
6562
39116
34559
55990
41856
